0.20664572715759277
0.12018918991088867
0.11156702041625977
0.1014862060546875
0.10338187217712402
0.09686088562011719
0.09557962417602539
0.09700202941894531
0.1020514965057373
0.10408854484558105
0.09833502769470215
0.09597468376159668
0.10006451606750488
0.09836578369140625
0.09515023231506348
0.09465599060058594
0.09592175483703613
0.09432625770568848
0.10766839981079102
0.08135271072387695
0.09142279624938965
0.09526467323303223
0.0939946174621582
0.09414029121398926
0.10083198547363281
0.09810376167297363
0.10327649116516113
0.09931254386901855
0.10659074783325195
0.10303282737731934
0.10709881782531738
0.10062932968139648
0.1063241958618164
0.10044240951538086
0.11249828338623047
0.10307765007019043
0.099273681640625
0.09501099586486816
0.10013461112976074
0.09519314765930176
0.0978395938873291
0.1029214859008789
0.10023808479309082
0.0910801887512207
0.09544587135314941
0.09554743766784668
0.09643816947937012
0.09448599815368652
0.09024167060852051
0.09075736999511719
0.0917661190032959
0.08419489860534668
0.09211492538452148
0.09963607788085938
0.09817051887512207
0.08775568008422852
0.09283685684204102
0.07927131652832031
0.09117674827575684
0.09169578552246094
0.08638525009155273
0.0924689769744873
0.09206986427307129
0.08624434471130371
0.0908658504486084
0.09204387664794922
0.09671282768249512
0.0997018814086914
0.09447669982910156
0.09705615043640137
0.09527254104614258
0.09099984169006348
0.09053254127502441
0.09149670600891113
0.09111857414245605
0.08435869216918945
0.09224891662597656
0.08627200126647949
0.09044051170349121
0.0880887508392334
0.0962376594543457
0.0921015739440918
0.09180831909179688
0.09185314178466797
0.09125661849975586
0.09556841850280762
0.0946347713470459
0.08740091323852539
0.09488415718078613
0.09029459953308105
0.09973382949829102
0.09129071235656738
0.09231019020080566
0.09604549407958984
0.09139084815979004
0.09180831909179688
0.09544157981872559
0.09853863716125488
0.0895991325378418
0.08661007881164551
0.08634829521179199
0.09278273582458496
0.09284043312072754
0.08341860771179199
0.09268879890441895
0.09287405014038086
0.1014404296875
0.09439539909362793
0.10348820686340332
0.09551763534545898
0.09691643714904785
0.09159445762634277
0.10017585754394531
0.0907285213470459
0.09384703636169434
0.09316039085388184
0.09424281120300293
0.09687423706054688
0.09146738052368164
0.08939099311828613
0.0946493148803711
0.08890986442565918
0.09561491012573242
0.09529852867126465
0.09732866287231445
0.09434199333190918
0.09708642959594727
0.09145593643188477
0.09565424919128418
0.08803939819335938
0.09476304054260254
0.09427762031555176
0.10375237464904785
0.0924229621887207
0.09715914726257324
0.0973050594329834
0.10114669799804688
0.09825682640075684
0.11093974113464355
0.09960103034973145
0.09528255462646484
0.09097051620483398
0.09787631034851074
0.08805441856384277
0.10001420974731445
0.0988149642944336
0.10354924201965332
0.09645819664001465
0.0937051773071289
0.09244871139526367
0.09280967712402344
0.0974421501159668
0.10178947448730469
0.09842443466186523
0.09683704376220703
0.09386634826660156
0.08524227142333984
0.09168553352355957
0.09156680107116699
0.08745098114013672
0.09334969520568848
0.10146188735961914
0.09710073471069336
0.0943002700805664
0.09655213356018066
0.10353422164916992
0.09929156303405762
0.09627461433410645
0.09057998657226562
0.09886527061462402
0.10011720657348633
0.10084056854248047
0.10434508323669434
0.09518837928771973
0.09792065620422363
0.09706950187683105
0.09643268585205078
0.0922400951385498
0.09794020652770996
0.09395337104797363
0.0941920280456543
0.08929443359375
0.08769035339355469
0.09633374214172363
0.10309004783630371
0.09879112243652344
0.10061359405517578
0.09602737426757812
0.09995174407958984
0.09347844123840332
0.10538029670715332
0.09654879570007324
0.10352516174316406
0.09977388381958008
0.09508967399597168
0.09458088874816895
0.09116554260253906
0.08518862724304199
0.09930300712585449
0.09105587005615234
0.09583878517150879
0.09026575088500977
0.09228730201721191
0.08693218231201172
0.09729886054992676
0.09386301040649414
0.0968484878540039
0.09008002281188965
0.09511852264404297
0.08674788475036621
0.08819985389709473
0.09385180473327637
0.09905600547790527
0.09279370307922363
0.09844231605529785
0.08984661102294922
0.09793353080749512
0.09228372573852539
0.09222745895385742
0.09484481811523438
0.09183716773986816
0.09483504295349121
0.09621453285217285
0.08457040786743164
0.08996391296386719
0.0838310718536377
0.08806324005126953
0.0800926685333252
0.0883781909942627
0.09415459632873535
0.08951759338378906
0.08978796005249023
0.09498119354248047
0.0911569595336914
0.09775590896606445
0.09163594245910645
0.09889602661132812
0.08619809150695801
0.10223031044006348
0.09470200538635254
0.08916473388671875
0.09927225112915039
0.09467005729675293
0.0947420597076416
0.09519076347351074
0.09131073951721191
0.0924990177154541
0.09153032302856445
0.09786605834960938
0.10011959075927734
0.10104727745056152
0.10376572608947754
0.09773015975952148
0.10887598991394043
0.09967231750488281
0.09795665740966797
0.10464692115783691
0.09812068939208984
0.1180872917175293
0.10899209976196289
0.09418725967407227
0.10020112991333008
0.09586548805236816
0.09183621406555176
0.10161042213439941
0.0996847152709961
0.0998075008392334
0.09520840644836426
0.09993553161621094
0.1013340950012207
0.10140609741210938
0.10315608978271484
0.09416007995605469
0.10299038887023926
0.10725831985473633
0.10099029541015625
0.10658383369445801
0.10161590576171875
0.1003103256225586
0.10055828094482422
0.10039973258972168
0.10128951072692871
0.10595273971557617
0.10643386840820312
0.10728645324707031
0.10123252868652344
0.10439085960388184
0.10253071784973145
0.10914158821105957
0.1047978401184082
0.1017599105834961
0.0960242748260498
0.10203695297241211
0.09499740600585938
0.09539604187011719
0.09292101860046387
0.09743285179138184
0.09195733070373535
0.0966191291809082
0.10103321075439453
0.09534645080566406
0.09610867500305176
0.09601354598999023
0.09525728225708008
0.09714388847351074
0.09282159805297852
0.09818553924560547
0.09374785423278809
0.0969996452331543
0.10078597068786621
0.1012716293334961
0.0973196029663086
0.09412574768066406
0.10040426254272461
0.0905303955078125
0.09645724296569824
0.0988454818725586
0.09473371505737305
0.09873843193054199
0.09528899192810059
0.10453414916992188
0.09149360656738281
0.10140848159790039
0.09878754615783691
0.10323047637939453
0.09280562400817871
0.10277414321899414
0.10169649124145508
0.0992281436920166
0.09893250465393066
0.10009503364562988
0.09863114356994629
0.10224199295043945
0.09937834739685059
0.09736371040344238
0.09297537803649902
0.09624314308166504
0.09535336494445801
0.09428048133850098
0.09606528282165527
0.09776639938354492
0.0962517261505127
0.09412312507629395
0.0921335220336914
0.09688377380371094
0.0977010726928711
0.09305691719055176
0.08917999267578125
0.09505438804626465
0.0878298282623291
0.0957956314086914
0.09521842002868652
0.09417057037353516
0.09893441200256348
0.09549951553344727
0.10085010528564453
0.09799504280090332
0.09466099739074707
0.09647774696350098
0.09513354301452637
0.09548664093017578
0.10036945343017578
0.09398794174194336
0.09264993667602539
0.09499812126159668
0.09290504455566406
0.09212136268615723
0.09757161140441895
0.0955350399017334
0.09316730499267578
0.10387134552001953
0.09770393371582031
0.10113286972045898
0.08737063407897949
0.09557294845581055
0.1013035774230957
0.10366392135620117
0.09452009201049805
0.09815454483032227
0.10000729560852051
0.09488058090209961
0.10450553894042969
0.11249470710754395
0.11324453353881836
0.09736180305480957
0.09939885139465332
0.09866070747375488
0.10044741630554199
0.10094666481018066
0.09248828887939453
0.09544825553894043
0.0946657657623291
0.09867620468139648
0.09612679481506348
0.10181975364685059
0.10210180282592773
0.0995488166809082
0.09680986404418945
0.10730957984924316
0.09922552108764648
0.10181927680969238
0.10082387924194336
0.10547852516174316
0.1057596206665039
0.09582066535949707
0.09414196014404297
0.09992456436157227
0.08938384056091309
0.0930473804473877
0.09018421173095703
0.10001921653747559
0.09457659721374512
0.09667634963989258
0.09108209609985352
0.09164929389953613
0.09470510482788086
0.09496569633483887
0.09213876724243164
0.09177660942077637
0.08802652359008789
0.1009979248046875
0.09338927268981934
0.0920407772064209
0.08748173713684082
0.09452533721923828
0.09244394302368164
0.09082388877868652
0.08951568603515625
0.09587335586547852
0.09707140922546387
0.10169219970703125
0.09137797355651855
0.10188126564025879
0.0929727554321289
0.09643435478210449
0.09359407424926758
0.09310030937194824
0.09882330894470215
0.0973048210144043
0.09994196891784668
0.09694361686706543
0.09656143188476562
0.09724926948547363
0.09608006477355957
0.09942126274108887
0.09987568855285645
0.10346341133117676
0.10042405128479004
0.08818888664245605
0.09967851638793945
0.09645986557006836
0.10406875610351562
0.10104632377624512
0.09707474708557129
0.09190225601196289
0.09717464447021484
0.1000986099243164
0.0903005599975586
0.0901479721069336
0.09387636184692383
0.09876680374145508
0.1055457592010498
0.10117363929748535
0.09379839897155762
0.0941154956817627
0.10292339324951172
0.10350775718688965
0.09281277656555176
0.1051626205444336
0.09948921203613281
0.0968010425567627
0.09386515617370605
0.1022651195526123
0.10083794593811035
0.10629534721374512
0.10825085639953613
0.10285115242004395
0.09677910804748535
0.10476469993591309
0.10382461547851562
0.10608363151550293
0.10172224044799805
0.10894250869750977
0.10171937942504883
0.10496902465820312
0.09560441970825195
0.10075879096984863
0.0927121639251709
0.09353232383728027
0.09659719467163086
0.09836173057556152
0.09330511093139648
0.09564971923828125
0.10063743591308594
0.09387493133544922
0.08881616592407227
0.08934760093688965
0.0925896167755127
0.0930628776550293
0.09015583992004395
0.09732699394226074
0.09796524047851562
0.1000514030456543
0.09285926818847656
0.10313963890075684
0.10278201103210449
0.09891891479492188
0.09139323234558105
0.10172009468078613
0.09886717796325684
0.09039139747619629
0.09326696395874023
0.09720802307128906
0.09596061706542969
0.09200692176818848
0.09302234649658203
0.09445667266845703
0.08982300758361816
0.08855342864990234
0.09950828552246094
0.10553383827209473
0.10440254211425781
0.09320592880249023
0.09748721122741699
0.09212422370910645
0.09204292297363281
0.09912276268005371
0.08665776252746582
0.09012627601623535
0.08843278884887695
0.09795284271240234
0.08843088150024414
0.09485960006713867
0.09795379638671875
0.10086226463317871
0.08785748481750488
0.09932708740234375
0.09631085395812988
0.09488844871520996
0.09220480918884277
0.10034823417663574
0.09140324592590332
0.09291243553161621
0.09754204750061035
0.09992074966430664
0.10020565986633301
0.10932683944702148
0.10654759407043457
0.10335063934326172
0.10076093673706055
0.1027688980102539
0.10365772247314453
0.10223555564880371
0.10227060317993164
0.10171270370483398
0.09340047836303711
0.10218691825866699
0.10335707664489746
0.09137964248657227
0.10015487670898438
0.1038670539855957
0.10315418243408203
0.09097599983215332
0.10250711441040039
0.10030555725097656
0.10144925117492676
0.0944209098815918
0.09484672546386719
0.10341215133666992
0.08963561058044434
0.0898747444152832
0.09583139419555664
0.09342503547668457
0.09499311447143555
0.10125160217285156
0.09315323829650879
0.09855079650878906
0.09253859519958496
0.09838509559631348
0.09857559204101562
0.09002256393432617
0.09250617027282715
0.09296035766601562
0.09661316871643066
0.09203386306762695
0.11184215545654297
0.09850502014160156
0.09029221534729004
0.09274840354919434
0.08797717094421387
0.08843564987182617
0.08937954902648926
0.09433865547180176
0.09088993072509766
0.08820199966430664
0.09129023551940918
0.09199047088623047
0.09064126014709473
0.0826568603515625
0.09000968933105469
0.09486937522888184
0.09162425994873047
0.0949556827545166
0.08826589584350586
0.09297442436218262
0.08914494514465332
0.0871267318725586
0.09335923194885254
0.09170222282409668
0.09532570838928223
0.0916600227355957
0.09116125106811523
0.09482932090759277
0.09157919883728027
0.08914446830749512
0.09106230735778809
0.0958549976348877
0.09504508972167969
0.09999251365661621
0.09255313873291016
0.10108447074890137
0.0993952751159668
0.09747481346130371
0.09743952751159668
0.09537005424499512
0.09578990936279297
0.09624695777893066
0.10140061378479004
0.09372091293334961
0.09745216369628906
0.09540438652038574
0.0953981876373291
0.09746909141540527
0.09706687927246094
0.09799742698669434
0.09791207313537598
0.09706306457519531
0.09868550300598145
0.09866619110107422
0.09478402137756348
0.09807825088500977
0.09076356887817383
0.09453916549682617
0.0877838134765625
0.09067559242248535
0.08823204040527344
0.08878684043884277
0.09512901306152344
0.08971667289733887
0.08327698707580566
0.09500885009765625
0.10213351249694824
0.08863687515258789
0.0911707878112793
0.09402775764465332
0.08483505249023438
0.08996057510375977
0.08873486518859863
0.09776854515075684
0.09484004974365234
0.09405255317687988
0.09562540054321289
0.08994126319885254
0.09032249450683594
0.09846806526184082
0.08766746520996094
0.08991241455078125
0.09161925315856934
0.09969449043273926
0.09538030624389648
0.09392189979553223
0.09279823303222656
0.0954446792602539
0.09539270401000977
0.0896751880645752
0.09209346771240234
0.09289073944091797
0.09380054473876953
0.09405684471130371
0.09378862380981445
0.09441876411437988
0.09710240364074707
0.10337281227111816
0.09896516799926758
0.10256314277648926
0.0937652587890625
0.09778022766113281
0.09314346313476562
0.09404230117797852
0.10059428215026855
0.09672117233276367
0.10184931755065918
0.10132241249084473
0.09836530685424805
0.0961151123046875
0.0963907241821289
0.09965276718139648
0.09705400466918945
0.10601401329040527
0.09456443786621094
0.09183168411254883
0.09773612022399902
0.09651994705200195
0.09294557571411133
0.10168838500976562
0.0980224609375
0.09658408164978027
0.0955359935760498
0.10018324851989746
0.09730195999145508
0.0932774543762207
0.09465193748474121
0.09889507293701172
0.09546780586242676
0.09706425666809082
0.09630322456359863
0.09726619720458984
0.0923762321472168
0.09512853622436523
0.09469389915466309
0.09631896018981934
0.10050082206726074
0.0949544906616211
0.0906221866607666
0.10096335411071777
0.08962082862854004
0.0955512523651123
0.09261798858642578
0.09622788429260254
0.09340190887451172
0.09883809089660645
0.09012913703918457
0.09728264808654785
0.10288286209106445
0.10136079788208008
0.09461617469787598
0.09678292274475098
0.09348917007446289
0.09167838096618652
0.0923311710357666
0.09900116920471191
0.10068678855895996
0.09174156188964844
0.08856916427612305
0.09058570861816406
0.0916590690612793
0.09462237358093262
0.08946824073791504
0.10094404220581055
0.09731078147888184
0.10046601295471191
0.09886407852172852
0.09235310554504395
0.09358859062194824
0.09596395492553711
0.09648704528808594
0.09905433654785156
0.09566807746887207
0.09842085838317871
0.0949091911315918
0.0936436653137207
0.09405088424682617
0.09264087677001953
0.08963918685913086
0.0974123477935791
0.0935978889465332
0.09320330619812012
0.09362411499023438
0.09497189521789551
0.10174059867858887
0.0946800708770752
0.0966041088104248
0.1013336181640625
0.09530138969421387
0.10152029991149902
0.09685635566711426
0.10613489151000977
0.09862112998962402
0.1027228832244873
0.09709382057189941
0.09991955757141113
0.09080648422241211
0.1004018783569336
0.09955763816833496
0.10407519340515137
0.0966806411743164
0.1007528305053711
0.09669733047485352
0.10881471633911133
0.10163235664367676
0.09485483169555664
0.09179449081420898
0.10800004005432129
0.09558773040771484
0.09804248809814453
0.0935516357421875
0.09934759140014648
0.09578728675842285
0.10273051261901855
0.08984732627868652
0.0938270092010498
0.09168171882629395
0.09650564193725586
0.09704399108886719
0.08745145797729492
0.09444355964660645
0.09305620193481445
0.09687352180480957
0.09640979766845703
0.10329318046569824
0.1047053337097168
0.10585784912109375
0.10018038749694824
0.0975348949432373
0.09853172302246094
0.09605622291564941
0.10769891738891602
0.10020732879638672
0.09884476661682129
0.09357285499572754
0.11905121803283691
0.09587764739990234
0.09749031066894531
0.0974884033203125
0.09914422035217285
0.10471487045288086
0.09953498840332031
0.10703468322753906
0.10012936592102051
0.1312389373779297
0.10699319839477539
0.10440826416015625
0.09700155258178711
0.09366226196289062
0.0975179672241211
0.09843802452087402
0.10169363021850586
0.09867024421691895
0.09763669967651367
0.09435319900512695
0.10616612434387207
0.10695934295654297
0.11591815948486328
0.09212636947631836
0.09736752510070801
0.0972585678100586
0.10058259963989258
0.09845280647277832
0.09356212615966797
0.09750986099243164
0.09226870536804199
0.0905463695526123
0.09539175033569336
0.09871172904968262
0.10364007949829102
0.11933612823486328
0.0961904525756836
0.09070444107055664
0.09776759147644043
0.08651852607727051
0.10094857215881348
0.09383773803710938
0.09203076362609863
0.08880496025085449
0.09460592269897461
0.09723758697509766
0.09087920188903809
0.10402464866638184
0.09983110427856445
0.09380698204040527
0.09582233428955078
0.09835028648376465
0.10003232955932617
0.09496831893920898
0.10098123550415039
0.09507441520690918
0.09348583221435547
0.09165191650390625
0.09023547172546387
0.08547401428222656
0.08831214904785156
0.08468008041381836
0.09850549697875977
0.10237693786621094
0.09303140640258789
0.08837652206420898
0.0899965763092041
0.09028363227844238
0.09650444984436035
0.09565877914428711
0.09449386596679688
0.09197711944580078
0.09165549278259277
0.09372782707214355
0.09363961219787598
0.09618973731994629
0.09760928153991699
0.08812499046325684
0.09543442726135254
0.09058165550231934
0.09501504898071289
0.09396171569824219
0.08891105651855469
0.09078669548034668
0.08883357048034668
0.09312319755554199
0.08384394645690918
0.08725404739379883
0.09154915809631348
0.09785342216491699
0.09442806243896484
0.09341979026794434
0.0935978889465332
0.0843653678894043
0.09088563919067383
0.0913999080657959
0.09605288505554199
0.10070133209228516
0.10575580596923828
0.09773874282836914
0.09157848358154297
0.09560537338256836
0.09414553642272949
0.10066533088684082
0.09421825408935547
0.09793519973754883
0.11134004592895508
0.09054207801818848
0.09487462043762207
0.08997511863708496
0.09615087509155273
0.1005849838256836
0.0972137451171875
0.09386134147644043
0.09561824798583984
0.09647202491760254
0.09317684173583984
0.0971369743347168
0.09785175323486328
0.08944010734558105
0.09269189834594727
0.09765434265136719
0.10379719734191895
0.09705018997192383
0.10127425193786621
0.10187029838562012
0.10010623931884766
0.09288740158081055
0.09007740020751953
0.08590412139892578
0.09824943542480469
0.10079288482666016
0.0983889102935791
0.09115266799926758
0.09609818458557129
0.09875917434692383
0.0988609790802002
0.10062336921691895
0.09821891784667969
0.09473133087158203
0.09461140632629395
0.0894021987915039
0.09729194641113281
0.09363961219787598
0.10320043563842773
0.09875369071960449
0.09928560256958008
0.09613537788391113
0.09655976295471191
0.08993983268737793
0.09893941879272461
0.09503531455993652
0.09707880020141602
0.0925893783569336
0.09524703025817871
0.09367656707763672
0.09720277786254883
0.0924065113067627
0.0947871208190918
0.08949089050292969
0.09585022926330566
0.09669065475463867
0.09724617004394531
0.08813619613647461
0.09348511695861816
0.09707522392272949
0.09749078750610352
0.09296417236328125
0.08992934226989746
0.09270191192626953
0.09059977531433105
0.0939934253692627
0.08665585517883301
0.08721113204956055
0.09123611450195312
0.08427619934082031
0.08360576629638672
0.09243583679199219
0.08679389953613281
0.08746123313903809
0.0878136157989502
0.08817887306213379
0.08501720428466797
0.07955598831176758
0.08559775352478027
0.08122396469116211
0.08380341529846191
0.08359265327453613
0.08797574043273926
0.08310365676879883
0.08607268333435059
0.08514022827148438
0.08717703819274902
0.08621573448181152
0.08802533149719238
0.08578944206237793
0.08823609352111816
0.08805513381958008
0.08841896057128906
0.0853579044342041
0.08629989624023438
0.08776307106018066
0.08667325973510742
0.08568501472473145
0.08704543113708496
0.08742427825927734
0.08872461318969727
0.08437323570251465
0.09233307838439941
0.08642148971557617
0.09435105323791504
0.08603787422180176
0.08775043487548828
0.0873711109161377
0.08662796020507812
0.09011292457580566
0.09259629249572754
0.08701634407043457
0.09317541122436523
0.08239579200744629
0.08826494216918945
0.08474993705749512
0.08745098114013672
0.08737349510192871
0.08888673782348633
0.08903646469116211
0.08861970901489258
0.08563590049743652
0.09003496170043945
0.09471464157104492
0.0880286693572998
0.0846242904663086
0.08897995948791504
0.09213423728942871
0.08936643600463867
0.08589434623718262
0.0940392017364502
0.08542084693908691
0.08451175689697266
0.09064054489135742
0.09050440788269043
0.08690071105957031
0.09270048141479492
0.08829736709594727
0.08571362495422363
0.08228683471679688
0.09145522117614746
0.08233046531677246
0.08764886856079102
0.08164763450622559
0.08527135848999023
0.08223295211791992
0.0887453556060791
0.07640647888183594
0.08642411231994629
0.09039616584777832
0.0878133773803711
0.0884406566619873
0.08952999114990234
0.08720874786376953
0.09235239028930664
0.10983037948608398
0.08946371078491211
0.08757185935974121
0.0880277156829834
0.09307551383972168
0.08821296691894531
0.08360123634338379
0.08230113983154297
0.08772540092468262
0.08347773551940918
0.08734512329101562
0.08698105812072754
0.08919405937194824
0.0858774185180664
0.0895228385925293
0.08594608306884766
0.08158397674560547
0.09167838096618652
0.08400177955627441
0.08688235282897949
0.09230422973632812
0.09467840194702148
0.09156250953674316
0.09089136123657227
0.09054112434387207
0.0939478874206543
0.09103870391845703
0.09148669242858887
0.0847020149230957
0.08672618865966797
0.09250617027282715
0.09452176094055176
0.09095573425292969
0.08831167221069336
0.09123563766479492
0.09622788429260254
0.08744478225708008
0.09602785110473633
0.0912315845489502
0.0906362533569336
0.09146976470947266
0.09240913391113281
0.09187102317810059
0.09752011299133301
0.09099674224853516
0.09882187843322754
0.09516048431396484
0.09048318862915039
0.08617734909057617
0.09550809860229492
0.0973200798034668
0.09648537635803223
0.0942225456237793
0.09526848793029785
0.09346699714660645
0.10029411315917969
0.09408807754516602
0.09700679779052734
0.09430670738220215
0.0954294204711914
0.10011744499206543
0.09951400756835938
0.09388613700866699
0.10200071334838867
0.09253072738647461
0.09678101539611816
0.09678220748901367
0.08701968193054199
0.0863039493560791
0.09186816215515137
0.0933845043182373
0.08859920501708984
0.09516501426696777
0.0935206413269043
0.09142804145812988
0.09567975997924805
0.08698201179504395
0.08790373802185059
0.09953713417053223
0.09508967399597168
0.09085774421691895
0.0894775390625
0.08745646476745605
0.09157586097717285
0.08643078804016113
0.09096145629882812
0.0968790054321289
0.09329628944396973
0.09046673774719238
0.0908658504486084
0.08903145790100098
0.08409738540649414
0.08991718292236328
0.08708333969116211
0.08819198608398438
0.0889277458190918
0.08992552757263184
0.0877983570098877
0.09256172180175781
0.08634543418884277
0.08967828750610352
0.08889508247375488
0.09364771842956543
0.09507870674133301
0.08649516105651855
0.08678841590881348
0.09029817581176758
0.08877325057983398
0.08086299896240234
0.09030938148498535
0.08943724632263184
0.09076428413391113
0.08521795272827148
0.08712124824523926
0.08836698532104492
0.08443164825439453
0.08649802207946777
0.08301377296447754
0.08638358116149902
0.0919492244720459
0.0888829231262207
0.09116005897521973
0.09371185302734375
0.0941324234008789
0.08623576164245605
0.0863943099975586
0.08185362815856934
0.08306360244750977
0.08387398719787598
0.08538150787353516
0.08192086219787598
0.08135199546813965
0.08449697494506836
0.08097267150878906
0.0766603946685791
0.08119559288024902
0.07970166206359863
0.08506107330322266
0.08214378356933594
0.0845177173614502
0.07978367805480957
0.0791463851928711
0.08136200904846191
0.08042526245117188
0.08512496948242188
0.08376359939575195
0.08662629127502441
0.08400249481201172
0.08252811431884766
0.0838007926940918
0.07921791076660156
0.08425545692443848
0.08719611167907715
0.07900810241699219
0.09751319885253906
0.10280680656433105
0.08998584747314453
0.08388638496398926
0.08345508575439453
0.08441424369812012
0.08916401863098145
0.08426284790039062
0.08523750305175781
0.08536481857299805
0.08594465255737305
0.08321166038513184
0.08024859428405762
0.0915365219116211
0.08416867256164551
0.08356547355651855
0.07803821563720703
0.08745527267456055
0.08562278747558594
0.08930850028991699
0.0897512435913086
0.0851588249206543
0.0868675708770752
0.08233809471130371
0.08648896217346191
0.09053182601928711
0.08567571640014648
0.08686494827270508
0.08311986923217773
0.08578753471374512
0.07729768753051758
0.08772873878479004
0.09071135520935059
0.09206676483154297
0.0884547233581543
0.0897672176361084
0.08429670333862305
0.08649754524230957
0.08174610137939453
0.08601903915405273
0.08233833312988281
0.08930039405822754
0.0861809253692627
0.08722257614135742
0.08461380004882812
0.07878756523132324
0.08480572700500488
0.08551168441772461
0.08686685562133789
0.08408784866333008
0.08924746513366699
0.08694171905517578
0.08421111106872559
0.08264827728271484
0.0860588550567627
0.09466934204101562
0.09226584434509277
0.08608078956604004
0.08422684669494629
0.08051514625549316
0.08505940437316895
0.08234739303588867
0.08609199523925781
0.0856318473815918
0.09287285804748535
0.08546948432922363
0.09715390205383301
0.09339165687561035
0.08601641654968262
0.08981156349182129
0.08524298667907715
0.08956193923950195
0.08175539970397949
0.08705329895019531
0.0855565071105957
0.08951067924499512
0.08704018592834473
0.08272361755371094
0.08753585815429688
0.08519697189331055
0.08060860633850098
0.07874631881713867
0.09671854972839355
0.08826851844787598
0.09609174728393555
0.0880579948425293
0.08334970474243164
0.08530664443969727
0.08520674705505371
0.08828282356262207
0.08297371864318848
0.09211111068725586
0.08889627456665039
0.08800983428955078
0.09178328514099121
0.08166122436523438
0.09105062484741211
0.09110832214355469
0.08608317375183105
0.08731627464294434
0.08181262016296387
0.08458876609802246
0.07715725898742676
0.08634400367736816
0.08342933654785156
0.08749866485595703
0.08259916305541992
0.08389902114868164
0.08363056182861328
0.0877079963684082
0.08661794662475586
0.08873653411865234
0.0929555892944336
0.08808493614196777
0.0876317024230957
0.0883948802947998
0.09026217460632324
0.08891463279724121
0.08776473999023438
0.08591341972351074
0.08678293228149414
0.08297109603881836
0.07727718353271484
0.08720660209655762
0.08597660064697266
0.08686351776123047
0.0899651050567627
0.08835411071777344
0.08795356750488281
0.09527254104614258
0.08780980110168457
0.08890962600708008
0.08402538299560547
0.09036445617675781
0.08772540092468262
0.08555984497070312
0.08430600166320801
0.08889150619506836
0.09232568740844727
0.09020709991455078
0.08876967430114746
0.09744739532470703
0.08557462692260742
0.0884392261505127
0.08140063285827637
0.08817672729492188
0.08614420890808105
0.08585095405578613
0.0883035659790039
0.0859687328338623
0.08605313301086426
0.08579850196838379
0.08423638343811035
0.08732414245605469
0.08594703674316406
0.08578348159790039
0.08402729034423828
0.0856161117553711
0.08523678779602051
0.08967804908752441
0.08327484130859375
0.08767485618591309
0.08216977119445801
0.08331656455993652
0.08405804634094238
0.09367036819458008
0.09254217147827148
0.09075593948364258
0.08580327033996582
0.08931708335876465
0.0849606990814209
0.08558535575866699
0.08767366409301758
0.09080338478088379
0.0856473445892334
0.08980584144592285
0.07957768440246582
0.08348250389099121
0.08220815658569336
0.08585834503173828
0.08774137496948242
0.08433032035827637
0.08739566802978516
0.0830378532409668
0.07859110832214355
0.08263492584228516
0.08235859870910645
0.08227682113647461
0.07619047164916992
0.08664488792419434
0.07982420921325684
0.08544397354125977
0.07808256149291992
0.08887267112731934
0.08204245567321777
0.0838170051574707
0.08405900001525879
0.07643270492553711
0.08284306526184082
0.07584238052368164
0.08161473274230957
0.08433771133422852
0.08829689025878906
0.08776330947875977
0.08291029930114746
0.07882952690124512
0.0776212215423584
0.0794837474822998
0.08322906494140625
0.08526039123535156
0.08593583106994629
0.07972145080566406
0.0808560848236084
0.09096837043762207
0.08443260192871094
0.08554935455322266
0.08514189720153809
0.08923649787902832
0.08506274223327637
0.0894923210144043
0.0871591567993164
0.09157395362854004
0.08867835998535156
0.08929443359375
0.08837318420410156
0.08954262733459473
0.08615565299987793
0.08579468727111816
0.08309006690979004
0.08863997459411621
0.08560419082641602
0.08690166473388672
0.08716297149658203
0.10798931121826172
0.09094476699829102
0.09310364723205566
0.08653521537780762
0.08956193923950195
0.09053659439086914
0.09231805801391602
0.08893084526062012
0.09366154670715332
0.08201074600219727
0.0962686538696289
0.08638644218444824
0.09147763252258301
0.08423352241516113
0.09294676780700684
0.08197808265686035
0.09180974960327148
0.08247613906860352
0.08851075172424316
0.08849453926086426
0.08143258094787598
0.08987259864807129
0.09064412117004395
0.0892789363861084
0.09035730361938477
0.09064245223999023
0.09260678291320801
0.08744573593139648
0.09830546379089355
0.09284734725952148
0.09400153160095215
0.09071469306945801
0.09670400619506836
0.08771419525146484
0.09310770034790039
0.0880589485168457
0.0954887866973877
0.09249258041381836
0.09083056449890137
0.09050512313842773
0.08717846870422363
0.09137582778930664
0.09188294410705566
0.0938107967376709
0.08840489387512207
0.09886860847473145
0.10318994522094727
0.09696054458618164
0.09658217430114746
0.09400391578674316
0.1014552116394043
0.10340166091918945
0.10077691078186035
0.08919310569763184
0.09840559959411621
0.09464478492736816
0.09442710876464844
0.09573197364807129
0.09768986701965332
0.09353256225585938
0.09813475608825684
0.08402681350708008
0.09000754356384277
0.0924680233001709
0.0976259708404541
0.09022140502929688
0.09127640724182129
0.09178018569946289
0.08890199661254883
0.09701085090637207
0.09844398498535156
0.09845995903015137
0.10062789916992188
0.08733701705932617
0.08827519416809082
0.08907818794250488
0.10024499893188477
0.10654091835021973
0.0991671085357666
0.09468221664428711
0.10269498825073242
0.10146689414978027
0.09960031509399414
0.10048866271972656
0.10417294502258301
0.09529662132263184
0.10530447959899902
0.10589003562927246
0.10590958595275879
0.10264992713928223
0.10248303413391113
0.1037144660949707
0.10100507736206055
0.09699869155883789
0.10646700859069824
0.1013193130493164
0.10691261291503906
0.09994363784790039
0.09923458099365234
0.09882044792175293
0.09897422790527344
0.09570503234863281
0.11258554458618164
0.10778689384460449
0.10269713401794434
0.10408282279968262
0.1063079833984375
0.10008478164672852
0.09966015815734863
0.09431147575378418
0.10389542579650879
0.10024309158325195
0.1034398078918457
0.08820939064025879
0.09887337684631348
0.0994863510131836
0.09575295448303223
0.09502696990966797
0.08952713012695312
0.09351468086242676
0.09151101112365723
0.09240889549255371
0.09374308586120605
0.09934496879577637
0.10084199905395508
0.0898587703704834
0.10338497161865234
0.09921836853027344
0.09793853759765625
0.0903167724609375
0.10060858726501465
0.09164953231811523
0.09105253219604492
0.08675122261047363
0.09631776809692383
0.10009980201721191
0.09659576416015625
0.09254956245422363
0.09703874588012695
0.08999991416931152
0.09656023979187012
0.09141731262207031
0.0946192741394043
0.09166502952575684
0.09923505783081055
0.09794139862060547
0.09851193428039551
0.0955359935760498
0.08781003952026367
0.09302282333374023
0.09527826309204102
0.09810209274291992
0.10959196090698242
0.0969092845916748
0.10202407836914062
0.09309029579162598
0.09835553169250488
0.09309554100036621
0.09758329391479492
0.09545731544494629
0.09931707382202148
0.09431695938110352
0.09625959396362305
0.09308075904846191
0.09905481338500977
0.0952765941619873
0.10532951354980469
0.10023212432861328
0.10637640953063965
0.09865570068359375
0.10239124298095703
0.08866667747497559
0.09914779663085938
0.09892773628234863
0.10062384605407715
0.09629368782043457
0.10135149955749512
0.09796261787414551
0.10103344917297363
0.09477877616882324
0.09572744369506836
0.09509420394897461
0.09900474548339844
0.09193611145019531
0.08735418319702148
0.0978541374206543
0.10527968406677246
0.10167050361633301
0.09954714775085449
0.0950155258178711
0.09342575073242188
0.09285140037536621
0.09780192375183105
0.09206676483154297
0.09079933166503906
0.09141182899475098
0.0893850326538086
0.08972406387329102
0.08740520477294922
0.08335685729980469
0.09449553489685059
0.08846306800842285
0.09038209915161133
0.08936572074890137
0.09163951873779297
0.08760738372802734
0.08771371841430664
0.09410881996154785
0.08763432502746582
0.08495044708251953
0.0877985954284668
0.09335041046142578
0.09475517272949219
0.08664917945861816
0.08989644050598145
0.09203195571899414
0.08722329139709473
0.0911409854888916
0.08156394958496094
0.08750462532043457
0.08364677429199219
0.08331561088562012
0.08468413352966309
0.08654475212097168
0.08953976631164551
0.08108639717102051
0.08342957496643066
0.08403563499450684
0.08535051345825195
0.08872079849243164
0.08625507354736328
0.09414410591125488
0.08926510810852051
0.09270548820495605
0.09368491172790527
0.08943724632263184
0.09546899795532227
0.0936429500579834
0.09573197364807129
0.09165191650390625
0.09418153762817383
0.09379100799560547
0.09566903114318848
0.09598135948181152
0.09267854690551758
0.09137701988220215
0.10411334037780762
0.09462523460388184
0.09509897232055664
0.09488606452941895
0.09267354011535645
0.09068059921264648
0.09098315238952637
0.08897995948791504
0.09559416770935059
0.09477663040161133
0.09878325462341309
0.1012260913848877
0.09911799430847168
0.08969664573669434
0.08809494972229004
0.09314560890197754
0.08695220947265625
0.09765219688415527
0.09589028358459473
0.10035252571105957
0.09279084205627441
0.09661531448364258
0.10087847709655762
0.09265518188476562
0.09365701675415039
0.09791254997253418
0.09725141525268555
0.08971762657165527
0.09759020805358887
0.09358644485473633
0.09278988838195801
0.09248661994934082
0.09177160263061523
0.08988738059997559
0.09411334991455078
0.09364986419677734
0.09860610961914062
0.09358549118041992
0.09770083427429199
0.09577131271362305
0.09614396095275879
0.09569025039672852
0.08509373664855957
0.08679747581481934
0.09473085403442383
0.09017109870910645
0.08204054832458496
0.09017443656921387
0.09055733680725098
0.09238076210021973
0.09015417098999023
0.0856022834777832
0.08742070198059082
0.08980226516723633
0.09590387344360352
0.10037565231323242
0.0926060676574707
0.0947577953338623
0.0925593376159668
0.0921940803527832
0.09344649314880371
0.09469723701477051
0.08406853675842285
0.09694910049438477
0.09089326858520508
0.10186600685119629
0.10017609596252441
0.0939631462097168
0.09974241256713867
0.0899345874786377
0.09891557693481445
0.09436750411987305
0.09511876106262207
0.09024858474731445
0.09595346450805664
0.1005392074584961
0.1019444465637207
0.09428763389587402
0.0956108570098877
0.09807443618774414
0.10153913497924805
0.09525394439697266
0.09918427467346191
0.09619855880737305
0.09595417976379395
0.10016989707946777
0.09561610221862793
0.09670805931091309
0.09853959083557129
0.09118986129760742
0.09992003440856934
0.0983271598815918
0.09855198860168457
0.10304737091064453
0.09969449043273926
0.09252285957336426
0.09895753860473633
0.10652661323547363
0.1031656265258789
0.09851384162902832
0.10474205017089844
0.09837794303894043
0.09958481788635254
0.10030293464660645
0.09533429145812988
0.09610629081726074
0.09599781036376953
0.09386610984802246
0.09450697898864746
0.0993032455444336
0.10853219032287598
0.09499573707580566
0.09798479080200195
0.10200309753417969
0.08457660675048828
0.08656859397888184
0.09363150596618652
0.09836792945861816
0.09948015213012695
0.10153484344482422
0.1026465892791748
0.09729313850402832
0.09357213973999023
0.08622622489929199
0.09162425994873047
0.09129142761230469
0.09631061553955078
0.0899057388305664
0.09661221504211426
0.09258651733398438
0.10350275039672852
0.0887148380279541
0.09002542495727539
0.09732937812805176
0.10076618194580078
0.09244871139526367
0.09704780578613281
0.0930318832397461
0.09578299522399902
0.0990602970123291
0.09994792938232422
0.09868907928466797
0.10118794441223145
0.09554934501647949
0.10228157043457031
0.10309123992919922
0.10635089874267578
0.10344743728637695
0.10676431655883789
0.09673738479614258
0.10264730453491211
0.09946179389953613
0.1025395393371582
0.09605956077575684
0.09476041793823242
0.09836840629577637
0.09871554374694824
0.09961056709289551
0.1015775203704834
0.1014564037322998
0.10323715209960938
0.09932899475097656
0.10201144218444824
0.09453105926513672
0.10044121742248535
0.09887194633483887
0.09756946563720703
0.09445405006408691
0.09561276435852051
0.09119701385498047
0.10375356674194336
0.10619783401489258
0.09690403938293457
0.09415316581726074
0.09796500205993652
0.08941817283630371
0.10048341751098633
0.09417724609375
0.10347890853881836
0.09922266006469727
0.10128092765808105
0.09680485725402832
0.10021281242370605
0.10380315780639648
0.0957174301147461
0.09325194358825684
0.09252548217773438
0.09453368186950684
0.09503293037414551
0.09496378898620605
0.09548473358154297
0.09191274642944336
0.08752727508544922
0.08922076225280762
0.09102129936218262
0.09204244613647461
0.0963897705078125
0.09683036804199219
0.0876915454864502
0.09455680847167969
0.09220600128173828
0.08868050575256348
0.10706329345703125
0.09510922431945801
0.09377741813659668
0.09912991523742676
0.0954749584197998
0.0977325439453125
0.09681844711303711
0.09762191772460938
0.09806418418884277
0.09551620483398438
0.09697437286376953
0.09592390060424805
0.10145092010498047
0.0996406078338623
0.09836983680725098
0.09158134460449219
0.10538005828857422
0.09496045112609863
0.08747076988220215
0.08782052993774414
0.09485697746276855
0.09818387031555176
0.09592509269714355
0.09171247482299805
0.09345436096191406
0.08919310569763184
0.09831500053405762
0.09235286712646484
0.0865633487701416
0.08920574188232422
0.09901046752929688
0.08957815170288086
0.09251642227172852
0.10077118873596191
0.10512948036193848
0.09501123428344727
0.1019284725189209
0.09869170188903809
0.09145283699035645
0.09100174903869629
0.09629154205322266
0.09032487869262695
0.09642171859741211
0.08914518356323242
0.09650301933288574
0.0945582389831543
0.0894784927368164
0.08674120903015137
0.08962345123291016
0.08225202560424805
0.08877849578857422
0.08842921257019043
0.09602665901184082
0.08306050300598145
0.09656500816345215
0.0873725414276123
0.10069537162780762
0.09331154823303223
0.09102702140808105
0.08447480201721191
0.08849763870239258
0.08596396446228027
0.08849334716796875
0.08516168594360352
0.08632946014404297
0.0907449722290039
0.0876150131225586
0.08614611625671387
0.08177542686462402
0.0811161994934082
0.08650374412536621
0.0854947566986084
0.08832359313964844
0.08648133277893066
0.08762097358703613
0.08475971221923828
0.0861053466796875
0.08605456352233887
0.1135854721069336
0.09319305419921875
0.0844573974609375
0.08391094207763672
0.08499431610107422
0.08849883079528809
0.09018874168395996
0.09334850311279297
0.08801579475402832
0.08814549446105957
0.08454442024230957
0.08083629608154297
0.0879981517791748
0.08508872985839844
0.08686256408691406
0.08408069610595703
0.09026384353637695
0.07954812049865723
0.08477044105529785
0.08201122283935547
0.08490848541259766
0.08573007583618164
0.08456873893737793
0.08237671852111816
0.09238743782043457
0.08298563957214355
0.08833789825439453
0.09456920623779297
0.08689332008361816
0.08860564231872559
0.08997583389282227
0.08741092681884766
0.08096909523010254
0.08090329170227051
0.08058691024780273
0.08332228660583496
0.08745574951171875
0.07920718193054199
0.08365178108215332
0.08564567565917969
0.08515763282775879
0.08236169815063477
0.08934926986694336
0.08249187469482422
0.08825564384460449
0.08475184440612793
0.08578968048095703
0.07908987998962402
0.0870981216430664
0.09189200401306152
0.09201169013977051
0.08619213104248047
0.0873115062713623
0.08295297622680664
0.08939194679260254
0.08881664276123047
0.08976507186889648
0.08560705184936523
0.08381438255310059
0.07575654983520508
0.08779740333557129
0.08329057693481445
0.08223509788513184
0.07974362373352051
0.08282208442687988
0.08627963066101074
0.0926969051361084
0.09024167060852051
0.08849358558654785
0.08474063873291016
0.08442544937133789
0.08348464965820312
0.08549880981445312
0.07780647277832031
0.0869300365447998
0.08624029159545898
0.08387970924377441
0.08418536186218262
0.07853913307189941
0.08203911781311035
0.0802762508392334
0.0807955265045166
0.08129668235778809
0.08710122108459473
0.08180904388427734
0.07726263999938965
0.08096051216125488
0.08395552635192871
0.08694839477539062
0.08946371078491211
0.08697962760925293
0.0829768180847168
0.08463048934936523
0.0868532657623291
0.0827932357788086
0.08086419105529785
0.08305168151855469
0.07752180099487305
0.08533596992492676
0.0791168212890625
0.07820320129394531
0.07500791549682617
0.08221101760864258
0.07831048965454102
0.07904553413391113
0.07547879219055176
0.07579612731933594
0.07309293746948242
0.07673168182373047
0.07706189155578613
0.08136701583862305
0.08229660987854004
0.08437943458557129
0.07438230514526367
0.07784485816955566
0.07872414588928223
0.08113813400268555
0.07324886322021484
0.08431887626647949
0.0777428150177002
0.08456873893737793
0.08126306533813477
0.08178281784057617
0.07785630226135254
0.08579349517822266
0.08195328712463379
0.08235645294189453
0.07922673225402832
0.08148455619812012
0.07798361778259277
0.08045315742492676
0.08580994606018066
0.08599209785461426
0.07735419273376465
0.08115839958190918
0.08372783660888672
0.0793001651763916
0.0795145034790039
0.08300924301147461
0.07962417602539062
0.08171772956848145
0.08238482475280762
0.08573508262634277
0.08829665184020996
0.08728909492492676
0.08013224601745605
0.08359694480895996
0.0881035327911377
0.08128142356872559
0.08145546913146973
0.0872807502746582
0.08583760261535645
0.08839964866638184
0.08498215675354004
0.10481381416320801
0.09927535057067871
0.09302949905395508
0.08933877944946289
0.1030280590057373
0.1065058708190918
0.10511374473571777
0.09659528732299805
0.09645295143127441
0.0919032096862793
0.09267234802246094
0.08649587631225586
0.09739470481872559
0.0975792407989502
0.0912168025970459
0.09156131744384766
0.08779263496398926
0.08097267150878906
0.08411097526550293
0.08766961097717285
0.08715486526489258
0.08463644981384277
0.08272600173950195
0.08737778663635254
0.09440064430236816
0.09173345565795898
0.08945512771606445
0.09702515602111816
0.08447432518005371
0.08357739448547363
0.08159685134887695
0.08538556098937988
0.08060431480407715
0.0913228988647461
0.09054017066955566
0.09540796279907227
0.08983612060546875
0.10025548934936523
0.09921574592590332
0.1016683578491211
0.10440444946289062
0.09322953224182129
0.09440183639526367
0.08899593353271484
0.09360361099243164
0.09150981903076172
0.09316658973693848
0.09394550323486328
0.08944249153137207
0.09033060073852539
0.08741497993469238
0.09083342552185059
0.0891103744506836
0.09258365631103516
0.09115099906921387
0.08732438087463379
0.08773064613342285
0.08821654319763184
0.0885004997253418
0.08730387687683105
0.09128308296203613
0.09016156196594238
0.09584665298461914
0.09421515464782715
0.09429287910461426
0.08173036575317383
0.09345269203186035
0.0918724536895752
0.09537267684936523
0.09305787086486816
0.09575486183166504
0.09991192817687988
0.09782648086547852
0.0911097526550293
0.09664773941040039
0.09556722640991211
0.09044575691223145
0.09963679313659668
0.09415054321289062
0.0877084732055664
0.08586645126342773
0.08413839340209961
0.08852767944335938
0.08751320838928223
0.08913874626159668
0.08857274055480957
0.08818507194519043
0.08463096618652344
0.09136009216308594
0.08493494987487793
0.09538674354553223
0.09195995330810547
0.10052108764648438
0.09111428260803223
0.08946013450622559
0.0832517147064209
0.08727502822875977
0.08655714988708496
0.0878133773803711
0.08919978141784668
0.08477282524108887
0.0986173152923584
0.09696340560913086
0.11596441268920898
0.09001040458679199
0.08370351791381836
0.0881352424621582
0.08441567420959473
0.08617329597473145
0.08973050117492676
0.08548140525817871
0.07559919357299805
0.08001852035522461
0.08893394470214844
0.08795857429504395
0.08556127548217773
0.08880877494812012
0.08742523193359375
0.08152055740356445
0.08727526664733887
0.08733105659484863
0.08912110328674316
0.09310531616210938
0.0897061824798584
0.09362244606018066
0.09108591079711914
0.09543204307556152
0.0944366455078125
0.09895753860473633
0.08818960189819336
0.08845257759094238
0.0857551097869873
0.08944106101989746
0.08835959434509277
0.09051227569580078
0.09055423736572266
0.08785891532897949
0.0839080810546875
0.0824432373046875
0.09546208381652832
0.08398890495300293
0.08625197410583496
0.09097909927368164
0.09432005882263184
0.09860992431640625
0.08643913269042969
0.09582710266113281
0.09492731094360352
0.09309864044189453
0.0834808349609375
0.09047698974609375
0.09218311309814453
0.09766554832458496
0.08798003196716309
0.09076619148254395
0.09572124481201172
0.09764432907104492
0.09342217445373535
0.09641551971435547
0.10112452507019043
0.1015467643737793
0.09656023979187012
0.0985863208770752
0.09172224998474121
0.09961318969726562
0.08880209922790527
0.09133648872375488
0.08798098564147949
0.08676910400390625
0.09325051307678223
0.0938882827758789
0.09006333351135254
0.09658384323120117
0.08998608589172363
0.0909419059753418
0.09365415573120117
0.10223245620727539
0.09558486938476562
0.09352374076843262
0.09448981285095215
0.09940958023071289
0.08971190452575684
0.08748745918273926
0.08732366561889648
0.09124302864074707
0.08493947982788086
0.08756160736083984
0.08506965637207031
0.08293557167053223
0.07852792739868164
0.08350229263305664
0.0943293571472168
0.09094858169555664
0.08373451232910156
0.08717775344848633
0.08644223213195801
0.07979965209960938
0.08976268768310547
0.08914613723754883
0.08956408500671387
0.089630126953125
0.09094810485839844
0.09006381034851074
0.08553242683410645
0.08459734916687012
0.08909869194030762
0.09157991409301758
0.08285713195800781
0.09189224243164062
0.09078478813171387
0.08973240852355957
0.0847330093383789
0.08877897262573242
0.08828520774841309
0.0927433967590332
0.08329153060913086
0.08682966232299805
0.08371925354003906
0.0878443717956543
0.07959961891174316
0.08102893829345703
0.0789952278137207
0.0739908218383789
0.07779979705810547
0.0793144702911377
0.08118510246276855
0.07771587371826172
0.08362364768981934
0.07989120483398438
0.07635784149169922
0.08786225318908691
0.08380699157714844
0.07672667503356934
0.08446907997131348
0.08094525337219238
0.08390378952026367
0.08466768264770508
0.08345603942871094
0.0857076644897461
0.08785128593444824
0.08540701866149902
0.08206319808959961
0.08830380439758301
0.08518028259277344
0.09022641181945801
0.08755731582641602
0.08079099655151367
0.08074522018432617
0.07752132415771484
0.08300900459289551
0.09160733222961426
0.08719921112060547
0.08550071716308594
0.08820104598999023
0.09020304679870605
0.08710980415344238
0.08695077896118164
0.09053897857666016
0.09208273887634277
0.0815880298614502
0.08372759819030762
0.08170843124389648
0.08602452278137207
0.08021354675292969
0.08659887313842773
0.08801460266113281
0.08018755912780762
0.07990431785583496
0.09100079536437988
0.09216809272766113
0.08969926834106445
0.08830499649047852
0.08360576629638672
0.0852973461151123
0.09047770500183105
0.08889532089233398
0.09152650833129883
0.0841982364654541
0.08854985237121582
0.09454011917114258
0.08618736267089844
0.08839845657348633
0.08668208122253418
0.07900786399841309
0.08583235740661621
0.08517980575561523
0.08779239654541016
0.08543682098388672
0.08537960052490234
0.08379220962524414
0.08783268928527832
0.08873891830444336
0.08486080169677734
0.08984756469726562
0.09041762351989746
0.09014081954956055
0.09325265884399414
0.07509970664978027
0.08803915977478027
0.09214019775390625
0.08714413642883301
0.07898712158203125
0.0850515365600586
0.08119368553161621
0.08500790596008301
0.08019828796386719
0.08233642578125
0.08547258377075195
0.08890438079833984
0.08321404457092285
0.09516191482543945
0.0892794132232666
0.09332990646362305
0.08424258232116699
0.09203314781188965
0.08821296691894531
0.08528852462768555
0.08330512046813965
0.0879514217376709
0.08842635154724121
0.08662748336791992
0.08755326271057129
0.08777594566345215
0.08723330497741699
0.08957695960998535
0.08200716972351074
0.09266948699951172
0.08544516563415527
0.09238862991333008
0.09299659729003906
0.0917367935180664
0.0834813117980957
0.0897057056427002
0.07924151420593262
0.09305644035339355
0.10153818130493164
0.10460734367370605
0.09587955474853516
0.10483741760253906
0.09763169288635254
0.09563994407653809
0.09910869598388672
0.09960603713989258
0.0901801586151123
0.10267806053161621
0.09680986404418945
0.09949302673339844
0.09849834442138672
0.10093975067138672
0.10381078720092773
0.10941028594970703
0.09300589561462402
0.1034386157989502
0.09537959098815918
0.09763765335083008
0.10130429267883301
0.0981605052947998
0.09088468551635742
0.0986177921295166
0.09096956253051758
0.09985637664794922
0.09307122230529785
0.09545063972473145
0.08994174003601074
0.09452557563781738
0.10117220878601074
0.10018205642700195
0.1057271957397461
0.0988764762878418
0.09609341621398926
0.09827470779418945
0.09976649284362793
0.10438656806945801
0.10452818870544434
0.10404634475708008
0.11011695861816406
0.11377096176147461
0.11240196228027344
0.10151338577270508
0.10467815399169922
0.10694742202758789
0.10820174217224121
0.11033916473388672
0.11531853675842285
0.10435223579406738
0.1078481674194336
0.1096658706665039
0.10656142234802246
0.10697221755981445
0.10670900344848633
0.10758137702941895
0.11241006851196289
0.11847662925720215
0.10323524475097656
0.10669660568237305
0.09062576293945312
0.09620094299316406
0.1056361198425293
0.11333131790161133
0.10589480400085449
0.10422205924987793
0.10740518569946289
0.1029195785522461
0.09517693519592285
0.09606313705444336
0.10389971733093262
0.09794163703918457
0.09575319290161133
0.0932912826538086
0.08655166625976562
0.09461259841918945
0.10343790054321289
0.10225701332092285
0.09838461875915527
0.09740447998046875
0.10464000701904297
0.10176372528076172
0.10115528106689453
0.10681271553039551
0.10703682899475098
0.11066246032714844
0.11028194427490234
0.09923648834228516
0.10391378402709961
0.10808396339416504
0.11466717720031738
0.10676956176757812
0.1084127426147461
0.10865974426269531
0.10433769226074219
0.11470150947570801
0.09982776641845703
0.10101890563964844
0.10199594497680664
0.10579586029052734
0.10264468193054199
0.10274028778076172
0.1007390022277832
0.10367488861083984
0.10839676856994629
0.11253881454467773
0.1149454116821289
0.12256002426147461
0.1076498031616211
0.10791659355163574
0.10227489471435547
0.10222697257995605
0.09624719619750977
0.09204626083374023
0.09480857849121094
0.09614944458007812
0.09645509719848633
0.09419441223144531
0.0902407169342041
0.1026926040649414
0.10073065757751465
0.10497331619262695
0.10234451293945312
0.1017460823059082
0.10320138931274414
0.10780048370361328
0.09720015525817871
0.09490585327148438
0.10016775131225586
0.10210752487182617
0.10508847236633301
0.1053321361541748
0.09974074363708496
0.09795379638671875
0.10194158554077148
0.1027379035949707
0.10473084449768066
0.10623979568481445
0.09898185729980469
0.09930896759033203
0.09722447395324707
0.09496045112609863
0.0945432186126709
0.09066486358642578
0.09675788879394531
0.09242415428161621
0.09757876396179199
0.09964442253112793
0.09525156021118164
0.09702754020690918
0.09636116027832031
0.09749221801757812
0.09885811805725098
0.10336446762084961
0.10487484931945801
0.11088395118713379
0.10540962219238281
0.11182522773742676
0.1013178825378418
0.09928584098815918
0.10272741317749023
0.10862040519714355
0.0950462818145752
0.1031029224395752
0.11108970642089844
0.0992729663848877
0.09850597381591797
0.10354185104370117
0.09955143928527832
0.10016536712646484
0.10240530967712402
0.0993044376373291
0.09970808029174805
0.1014101505279541
0.09408259391784668
0.09309029579162598
0.09543681144714355
0.0966486930847168
0.0951087474822998
0.09558558464050293
0.10180521011352539
0.0978548526763916
0.10423851013183594
0.09805774688720703
0.09350848197937012
0.10488009452819824
0.10081291198730469
0.10359954833984375
0.11298060417175293
0.10241937637329102
0.099334716796875
0.09347152709960938
0.10642147064208984
0.10033226013183594
0.09897613525390625
0.10325813293457031
0.09407711029052734
0.09959292411804199
0.10183906555175781
0.10518598556518555
0.10513424873352051
0.10738205909729004
0.0961449146270752
0.09800601005554199
0.09764647483825684
0.09600520133972168
0.10306739807128906
0.10051608085632324
0.09734416007995605
0.09729719161987305
0.0966634750366211
0.10310554504394531
0.09502816200256348
0.09853267669677734
0.09258484840393066
0.10421013832092285
0.10043978691101074
0.09789371490478516
0.09717559814453125
0.10309076309204102
0.09874176979064941
0.09726810455322266
0.09592032432556152
0.09338831901550293
0.09436798095703125
0.09200096130371094
0.0914449691772461
0.09994220733642578
0.09178400039672852
0.09015417098999023
0.09031891822814941
0.09605884552001953
0.08919024467468262
0.09549403190612793
0.1035165786743164
0.10059952735900879
0.08926129341125488
0.09490060806274414
0.09224653244018555
0.09308218955993652
0.09827399253845215
0.09334135055541992
0.09699273109436035
0.09264564514160156
0.09118795394897461
0.0969078540802002
0.09123659133911133
0.09294009208679199
0.08878231048583984
0.09245657920837402
0.09523677825927734
0.09147977828979492
0.09096288681030273
0.09082150459289551
0.09787678718566895
0.09467506408691406
0.09280943870544434
0.09756803512573242
0.10441470146179199
0.09993600845336914
0.09943532943725586
0.10516023635864258
0.0949244499206543
0.09563875198364258
0.09675216674804688
0.09425640106201172
0.09168124198913574
0.09947729110717773
0.09769749641418457
0.09509563446044922
0.09299111366271973
0.0917515754699707
0.09708642959594727
0.10049271583557129
0.09198737144470215
0.09271717071533203
0.08136677742004395
0.08626866340637207
0.09102153778076172
0.08745861053466797
0.08899068832397461
0.09335470199584961
0.09274864196777344
0.08915042877197266
0.09326744079589844
0.09736394882202148
0.08469319343566895
0.09293556213378906
0.08992147445678711
0.09856867790222168
0.09120607376098633
0.09265542030334473
0.08353304862976074
0.09537482261657715
0.09107708930969238
0.08649468421936035
0.09189987182617188
0.09631228446960449
0.09393501281738281
0.09745073318481445
0.08967804908752441
0.09043169021606445
0.09528779983520508
0.10204625129699707
0.10159707069396973
0.09678840637207031
0.0958857536315918
0.08933138847351074
0.08815526962280273
0.10040974617004395
0.09844183921813965
0.09318995475769043
0.0947561264038086
0.09373044967651367
0.0900123119354248
0.10252237319946289
0.09734177589416504
0.10068297386169434
0.10085439682006836
0.10097074508666992
0.09415531158447266
0.10346531867980957
0.09808731079101562
0.09772896766662598
0.09599494934082031
0.10471796989440918
0.09006690979003906
0.08718705177307129
0.08408832550048828
0.08595871925354004
0.0892174243927002
0.08823680877685547
0.08819961547851562
0.09107661247253418
0.08661913871765137
0.08876490592956543
0.09392070770263672
0.0924217700958252
0.09057474136352539
0.08388304710388184
0.08777332305908203
0.087799072265625
0.08804869651794434
0.08199715614318848
0.09620857238769531
0.08687734603881836
0.09222698211669922
0.08814549446105957
0.09029674530029297
0.08632969856262207
0.08715558052062988
0.08333349227905273
0.09398007392883301
0.09158539772033691
0.0850381851196289
0.08992910385131836
0.07566285133361816
0.0919806957244873
0.09273695945739746
0.09002995491027832
0.09516620635986328
0.09417963027954102
0.0949242115020752
0.09736776351928711
0.09002900123596191
0.10329222679138184
0.10293841361999512
0.09864449501037598
0.09939432144165039
0.09676289558410645
0.10309314727783203
0.09963726997375488
0.09623098373413086
0.09444618225097656
0.08804917335510254
0.10324335098266602
0.09344482421875
0.09122753143310547
0.09228014945983887
0.0925283432006836
0.09104132652282715
0.09354043006896973
0.09294986724853516
0.09111714363098145
0.08809947967529297
0.09664416313171387
0.10184550285339355
0.09752845764160156
0.09809422492980957
0.1014869213104248
0.09885144233703613
0.09484243392944336
0.09799385070800781
0.09846377372741699
0.08612990379333496
0.09582066535949707
0.0982062816619873
0.09592747688293457
0.10121583938598633
0.08821582794189453
0.09308695793151855
0.09529256820678711
0.09810352325439453
0.09573173522949219
0.09871935844421387
0.09334063529968262
0.0972445011138916
0.09901881217956543
0.09929418563842773
0.1050870418548584
0.09905099868774414
0.09930205345153809
0.09865427017211914
0.10840606689453125
0.10703516006469727
0.10193848609924316
0.0951986312866211
0.10057330131530762
0.09682536125183105
0.10733723640441895
0.10775065422058105
0.10794568061828613
0.09970283508300781
0.11334395408630371
0.09516549110412598
0.09886693954467773
0.10161590576171875
0.09860897064208984
0.10163068771362305
0.10048818588256836
0.1064143180847168
0.0989227294921875
0.09703373908996582
0.10196852684020996
0.10499382019042969
0.0915226936340332
0.10310173034667969
0.1010901927947998
0.10257124900817871
0.10630583763122559
0.10091257095336914
0.1081392765045166
0.10044527053833008
0.1074669361114502
0.10521149635314941
0.09773826599121094
0.10045409202575684
0.1022498607635498
0.10703158378601074
0.10294747352600098
0.1016237735748291
0.0974578857421875
0.10129070281982422
0.10231876373291016
0.09994029998779297
0.0981600284576416
0.1003262996673584
0.09288311004638672
0.0978233814239502
0.0994715690612793
0.0953371524810791
0.09664583206176758
0.09445691108703613
0.09747838973999023
0.09750199317932129
0.10352635383605957
0.09910845756530762
0.09000682830810547
0.09022331237792969
0.0987393856048584
0.09710192680358887
0.09895706176757812
0.09748530387878418
0.09831857681274414
0.09599113464355469
0.09792423248291016
0.09798741340637207
0.09691715240478516
0.09407901763916016
0.09521818161010742
0.08976411819458008
0.08743095397949219
0.0911855697631836
0.09206080436706543
0.0970301628112793
0.10250711441040039
0.10224199295043945
0.0929558277130127
0.08732342720031738
0.09509849548339844
0.08365273475646973
0.09875082969665527
0.08566665649414062
0.09418296813964844
0.0835261344909668
0.09220314025878906
0.09775972366333008
0.09299373626708984
0.08943891525268555
0.09374356269836426
0.09763383865356445
0.0984346866607666
0.09968972206115723
0.10302400588989258
0.10003519058227539
0.10561156272888184
0.10151219367980957
0.09939050674438477
0.10109639167785645
0.10038590431213379
0.10218286514282227
0.10392260551452637
0.11212801933288574
0.10055875778198242
0.10185718536376953
0.10813641548156738
0.09270524978637695
0.09669947624206543
0.09474563598632812
0.09406828880310059
0.09317183494567871
0.09721899032592773
0.09270834922790527
0.08450865745544434
0.08736586570739746
0.08959412574768066
0.09345269203186035
0.09331107139587402
0.09023094177246094
0.09099125862121582
0.08931088447570801
0.09251594543457031
0.10023665428161621
0.0927584171295166
0.08928632736206055
0.0918729305267334
0.09295368194580078
0.09231328964233398
0.0977318286895752
0.10111308097839355
0.08929777145385742
0.09804797172546387
0.09174919128417969
0.08459210395812988
0.0890810489654541
0.08725118637084961
0.08779716491699219
0.09193539619445801
0.08698797225952148
0.09312772750854492
0.09274125099182129
0.09870767593383789
0.09630990028381348
0.08725094795227051
0.09293365478515625
0.09879374504089355
0.09109115600585938
0.08936882019042969
0.09277987480163574
0.08597660064697266
0.09435343742370605
0.09258079528808594
0.08656191825866699
0.0889132022857666
0.08138680458068848
0.10123348236083984
0.08949851989746094
0.09530425071716309
0.09333968162536621
0.09567689895629883
0.1021275520324707
0.09857845306396484
0.10024476051330566
0.10145926475524902
0.10549473762512207
0.10782766342163086
0.09373617172241211
0.09941744804382324
0.1005699634552002
0.09297871589660645
0.09725308418273926
0.10897970199584961
0.1012732982635498
0.10384345054626465
0.10030174255371094
0.10059952735900879
0.09633612632751465
0.10320615768432617
0.09462189674377441
0.10380148887634277
0.09510374069213867
0.1025092601776123
0.10207128524780273
0.09647655487060547
0.0911867618560791
0.098602294921875
0.089874267578125
0.1003260612487793
0.0956261157989502
0.1041104793548584
0.0963137149810791
0.09971857070922852
0.08987021446228027
0.09908008575439453
0.09699344635009766
0.0904853343963623
0.0975046157836914
0.09349370002746582
0.09950709342956543
0.10081696510314941
0.09844446182250977
0.10100150108337402
0.09759926795959473
0.09145355224609375
0.09044885635375977
0.10275554656982422
0.10150313377380371
0.10312485694885254
0.10683107376098633
0.10503935813903809
0.10683584213256836
0.10349059104919434
0.10733675956726074
0.10632967948913574
0.10564756393432617
0.0965566635131836
0.10650920867919922
0.10383009910583496
0.09228086471557617
0.10218048095703125
0.09694099426269531
0.10217595100402832
0.09245562553405762
0.10858511924743652
0.10612726211547852
0.10799527168273926
0.09633255004882812
0.11046051979064941
0.1008002758026123
0.10625600814819336
0.10818338394165039
0.10198068618774414
0.10828924179077148
0.10572361946105957
0.10619497299194336
0.10492372512817383
0.10140228271484375
0.10884261131286621
0.10237455368041992
0.10218191146850586
0.10328817367553711
0.10356760025024414
0.10609078407287598
0.10914301872253418
0.10441088676452637
0.11036014556884766
0.10709524154663086
0.10594606399536133
0.11095380783081055
0.10360527038574219
0.09772515296936035
0.09910917282104492
0.1010901927947998
0.10026693344116211
0.10242128372192383
0.09839844703674316
0.09513378143310547
0.09714865684509277
0.09421992301940918
0.0987548828125
0.0988321304321289
0.09466791152954102
0.10309553146362305
0.10512495040893555
0.10501384735107422
0.10246801376342773
0.10515117645263672
0.1088559627532959
0.09597587585449219
0.1073610782623291
0.10050535202026367
0.1036992073059082
0.11167144775390625
0.10429525375366211
0.1020960807800293
0.1027374267578125
0.10034632682800293
0.11129188537597656
0.10825300216674805
0.1126096248626709
0.1005401611328125
0.10897278785705566
0.0980072021484375
0.10419368743896484
0.09858489036560059
0.1032099723815918
0.09428000450134277
0.10275793075561523
0.10328793525695801
0.10570025444030762
0.09734296798706055
0.1030426025390625
0.11092758178710938
0.11143326759338379
0.10267090797424316
0.10761880874633789
0.09982013702392578
0.10953187942504883
0.11078429222106934
0.11685967445373535
0.11055111885070801
0.10241818428039551
0.11450982093811035
0.10526418685913086
0.11221551895141602
0.10100293159484863
0.10097646713256836
0.10564398765563965
0.0979773998260498
0.10188674926757812
0.09844207763671875
0.10678911209106445
0.09779739379882812
0.10201478004455566
0.10201311111450195
0.11153674125671387
0.10379862785339355
0.09658956527709961
0.09659314155578613
0.10279965400695801
0.09036993980407715
0.08752703666687012
0.09722900390625
0.09454965591430664
0.10442543029785156
0.1026465892791748
0.09348082542419434
0.09227776527404785
0.0911870002746582
0.09348344802856445
0.09663057327270508
0.09498047828674316
0.08553862571716309
0.10073709487915039
0.09598994255065918
0.10072112083435059
0.09393692016601562
0.10171270370483398
0.0956883430480957
0.10196232795715332
0.09649538993835449
0.10052156448364258
0.09835982322692871
0.10107660293579102
0.09392523765563965
0.09881711006164551
0.08721685409545898
0.08589696884155273
0.09041357040405273
0.09764528274536133
0.09425210952758789
0.10294032096862793
0.09451079368591309
0.09424757957458496
0.08965110778808594
0.10614919662475586
0.09519195556640625
0.08945345878601074
0.1016085147857666
0.1056675910949707
0.10579347610473633
0.11111140251159668
0.10772323608398438
0.1092829704284668
0.10562491416931152
0.10996460914611816
0.10807037353515625
0.10378718376159668
0.10588359832763672
0.10062527656555176
0.10012960433959961
0.10800480842590332
0.09689831733703613
0.10535740852355957
0.09734272956848145
0.10377144813537598
0.09192085266113281
0.09633445739746094
0.09621644020080566
0.1063690185546875
0.09684634208679199
0.09396934509277344
0.09173965454101562
0.10260581970214844
0.10122179985046387
0.09645915031433105
0.11090326309204102
0.10962247848510742
0.10056924819946289
0.09755349159240723
0.09763789176940918
0.10277771949768066
0.08689069747924805
0.09956741333007812
0.10189127922058105
0.10289263725280762
0.09800100326538086
0.10473775863647461
0.11018991470336914
0.11717510223388672
0.10466527938842773
0.09403228759765625
0.09917879104614258
0.0967397689819336
0.09419012069702148
0.08988738059997559
0.08800983428955078
0.09452438354492188
0.09699392318725586
0.09854936599731445
0.09853005409240723
0.09956979751586914
0.09702467918395996
0.10532021522521973
0.09604620933532715
0.09941387176513672
0.09879422187805176
0.1103205680847168
0.0982825756072998
0.10257959365844727
0.10084891319274902
0.09473681449890137
0.09575963020324707
0.10446882247924805
0.10545778274536133
0.10697126388549805
0.097503662109375
0.10031580924987793
0.09961557388305664
0.0958852767944336
0.09766507148742676
0.10292840003967285
0.09344768524169922
0.09922409057617188
0.09063410758972168
0.10161685943603516
0.09360313415527344
0.10607123374938965
0.09977984428405762
0.10337710380554199
0.09155130386352539
0.09852766990661621
0.09660696983337402
0.0948026180267334
0.09408688545227051
0.09686279296875
0.0863351821899414
0.09498810768127441
0.09731316566467285
0.09616661071777344
0.09656906127929688
0.10458946228027344
0.09175419807434082
0.09654402732849121
0.09857702255249023
0.11238503456115723
0.10076212882995605
0.10482597351074219
0.10139894485473633
0.10679030418395996
0.10651946067810059
0.11280250549316406
0.11367130279541016
0.11003398895263672
0.10390186309814453
0.11625099182128906
0.1289064884185791
0.11532187461853027
0.11672258377075195
0.11343717575073242
0.12412858009338379
0.12370514869689941
0.11475706100463867
0.11715412139892578
0.10230207443237305
0.10941624641418457
0.1133584976196289
0.11375832557678223
0.12597346305847168
0.12696552276611328
0.13359284400939941
0.11156725883483887
0.11762475967407227
0.12018799781799316
0.1118309497833252
0.11684679985046387
0.11870598793029785
0.11885309219360352
0.11318016052246094
0.11710762977600098
0.10993385314941406
0.11637091636657715
0.11507940292358398
0.11066055297851562
0.11533975601196289
0.12026429176330566
0.10835123062133789
0.10984253883361816
0.11296415328979492
0.10525727272033691
0.11360049247741699
0.11837387084960938
0.10484766960144043
0.1111745834350586
0.10999608039855957
0.10774731636047363
0.10356879234313965
0.11098814010620117
0.11253809928894043
0.11827588081359863
0.10477256774902344
0.11996197700500488
0.12808537483215332
0.12718844413757324
0.12197494506835938
0.11083245277404785
0.10970902442932129
0.11995410919189453
0.11695122718811035
0.11268782615661621
0.11498785018920898
0.1181187629699707
0.11804628372192383
0.11616873741149902
0.11478281021118164
0.10808205604553223
0.11058521270751953
0.11753106117248535
0.11152124404907227
0.11177420616149902
0.10942745208740234
0.11400389671325684
0.10762357711791992
0.11479830741882324
0.1155083179473877
0.10973286628723145
0.11533355712890625
0.10978388786315918
0.1058802604675293
0.10749101638793945
0.11712288856506348
0.1149129867553711
0.10400605201721191
0.11429667472839355
0.10486865043640137
0.10918545722961426
0.10075163841247559
0.10572266578674316
0.10161399841308594
0.10612916946411133
0.10866951942443848
0.10181188583374023
0.09997081756591797
0.10997509956359863
0.10847306251525879
0.10802388191223145
0.10628414154052734
0.10278797149658203
0.11057424545288086
0.10978293418884277
0.11715531349182129
0.10609912872314453
0.1142427921295166
0.11441683769226074
0.11006879806518555
0.12526988983154297
0.11880779266357422
0.1054685115814209
0.10829329490661621
0.11045455932617188
0.0990757942199707
0.10887670516967773
0.1090548038482666
0.10750341415405273
0.10895276069641113
0.10837531089782715
0.10897088050842285
0.11071228981018066
0.10643625259399414
0.10656094551086426
0.1076207160949707
0.1160440444946289
0.11021018028259277
0.1037745475769043
0.11198878288269043
0.10061192512512207
0.1048727035522461
0.10953044891357422
0.10146570205688477
0.10400032997131348
0.1081855297088623
0.1067347526550293
0.10595393180847168
0.11375641822814941
0.10870981216430664
0.11125326156616211
0.12125539779663086
0.12176203727722168
0.11466145515441895
0.11832213401794434
0.11097359657287598
0.11528992652893066
0.11881566047668457
0.11109375953674316
0.10809469223022461
0.10401034355163574
0.10973215103149414
0.10386824607849121
0.0961916446685791
0.09806466102600098
0.09709358215332031
0.09517979621887207
0.09419846534729004
0.0950307846069336
0.09311699867248535
0.10344743728637695
0.1002957820892334
0.10606074333190918
0.10983014106750488
0.10451936721801758
0.10682868957519531
0.10254263877868652
0.10183191299438477
0.0930337905883789
0.09964919090270996
0.09051179885864258
0.10027122497558594
0.10410952568054199
0.10575270652770996
0.11063933372497559
0.09436607360839844
0.09243392944335938
0.09025859832763672
0.09427022933959961
0.09409093856811523
0.09605050086975098
0.10029745101928711
0.09104466438293457
0.09782743453979492
0.09833145141601562
0.09246635437011719
0.09006452560424805
0.09388422966003418
0.09794187545776367
0.10453987121582031
0.09398341178894043
0.09587693214416504
0.0979771614074707
0.10281538963317871
0.10459709167480469
0.1035463809967041
0.10035967826843262
0.09848332405090332
0.10239696502685547
0.09233617782592773
0.10262942314147949
0.10480690002441406
0.10516190528869629
0.10401654243469238
0.10657525062561035
0.10540103912353516
0.10952568054199219
0.1023716926574707
0.1005699634552002
0.1088111400604248
0.09684157371520996
0.10646462440490723
0.1012568473815918
0.09928226470947266
0.10617375373840332
0.10718345642089844
0.11100625991821289
0.09706759452819824
0.10319185256958008
0.10468029975891113
0.10658621788024902
0.10801100730895996
0.10727643966674805
0.10312724113464355
0.11110258102416992
0.10007405281066895
0.12067770957946777
0.11292099952697754
0.1063077449798584
0.10361027717590332
0.10473465919494629
0.10526061058044434
0.1085820198059082
0.09706902503967285
0.10283160209655762
0.09947705268859863
0.10938429832458496
0.10385441780090332
0.1006307601928711
0.10034632682800293
0.09806680679321289
0.09891915321350098
0.10277128219604492
0.10330772399902344
0.09680795669555664
0.09754800796508789
0.09699845314025879
0.09629321098327637
0.09984159469604492
0.10077834129333496
0.09995579719543457
0.10438728332519531
